0.40071760929129346
0.6411498106468694
0.23377832551005925
0.3020680519257143
0.40742688455335513
0.04292887667887666
0.4278737213766623
0.014893650793650796
0.19626717389937193
0.11704119312060488
0.1309616527177673
0.00552950937950938
0.01203281555046261
0.20759771780507083
0.003588888888888889
0.17877521931972398
0.2923789053309951
0.34432095078124486
0.5433468188502247
0.13099366982832464
0.010004156954156955
0.006794155844155845
0.013911899211899215
0.034617421467421465
0.012494058719058721
0.027564413364413367
0.03453422133422133
0.26731219172983894
0.21700821780558618
0.15838743924634022
0.03204482184482184
0.012022582972582973
0.15954282198709446
0.02632006049506049
0.05159442721021666
0.05077016969958146
0.6103562835856958
0.04421461316461318
0.3695823633882459
0.023975593850593845
0.011453521478521479
0.02572803422068128
0.33480852002314854
0.01699143748408454
0.18600132286014653
0.6096918470418472
0.04440806693306691
0.022419247419247414
0.012241066776360892
0.10562390622793101
0.036836956902746354
0.02813157414480943
0.49134691615574005
0.16950024773128491
0.10387394729453558
0.016592712842712843
0.019294605394605393
0.13837143967143983
0.016113242313242314
0.019011740481740484
0.0009714285714285714
0.4830848697140492
0.12735357436680975
0.21138392331782438
0.017647280497280503
0.15629252857565565
0.023223692973692974
0.5677719564748978
0.01732947052947053
0.11233776333745371
0.27042965481371056
0.10266606857195093
0.3851358037387447
0.017620736573368156
0.01541308968808969
0.12361704406704414
0.23396625972067164
0.02349609776188723
0.06381441613941614
0.3793665195915195
0.023988073038073033
0.07946216838716835
0.17860261948234082
0.37643217342513
0.29328366404837
0.09992900720710321
0.028081091131091127
0.06080223215037455
0.3674873412449265
0.018237950937950935
0.03998524508171566
0.039838600288600284
0.448306707508178
0.026889177489177487
0.21135860820466068
0.23461632608877198
0.05760978743478742
0.4381882722196963
0.3851799107840901
0.09519911275514992
0.01261175491175491
0.10224599224305109
0.14334877935961535
0.004035714285714286
0.32076239936534057
0.4081534469658311
0.012721435753788694
0.06065805028305028
0.13073991172226468
0.0100495115995116
0.10468420353296513
0.03129987234987236
0.33776654211801277
0.00455873015873016
0.17060803930331786
0.1611175583188742
0.4493521887812911
0.7465549048732486
0.16479392194492812
0.10495757773358397
0.22775027984571333
0.6676818974541111
0.027456346431346434
0.7472028860028862
0.009964718614718614
0.029875738150738143
0.01529779387279387
0.12484399587340766
0.0727664221571342
0.32970790345705214
0.04870747308247308
0.28793236257206867
0.004782828282828283
0.1562685059092954
0.07293968107915479
0.27150194118746745
0.4631339527689374
0.24648252872858142
0.020810478410478415
0.01653776713482596
0.205671708846709
0.06878157252104619
0.13556972557026742
0.01623870182105476
0.034018129093129096
0.07092086524586524
0.011494711824123588
0.09650394638041698
0.005319047619047619
0.004858608058608059
0.6089108594020358
0.17605926100043753
0.023838996091627665
0.026359247615129967
0.02272872682872684
0.007291507512095747
0.4669501229077081
0.03806163803516743
0.0704404115350407
0.11982131465026202
0.1480295537194144
0.36430067532226973
0.2792573408617527
0.023464704739704738
0.29905534057445815
0.5277395969785289
0.022964443726208424
0.13135893268238474
0.12006959380488796
0.02247893217893218
0.027098005262711146
0.021327153402153395
0.5944675394866574
0.0351968900380665
0.39573287839611393
0.009500940072998898
0.026222405372405368
0.010915040515040515
0.4758160670341014
0.09740146520146521
0.25418893916540974
0.00897065157065157
0.023022094572094576
0.21350816712527237
0.018306338106338103
0.018307792207792203
0.01746103896103896
0.051993142968142954
0.07981150730074876
0.12544297810033103
0.21154678715677178
0.22507154038771693
0.010365079365079365
0.1473046925296926
0.01499819624819625
0.09533131423137814
0.0315939504939505
0.01604545111750994
0.32551637218990165
0.04369275478563402
0.33854896877288493
0.24715324671066352
0.15684105339105348
0.20203349526290723
0.043421308223939796
0.018043650793650796
0.03266637426900586
0.045987495837495826
0.4050966657353656
0.4839205704284347
0.00868023088023088
0.050887545495440216
0.23510560326326585
0.0077714285714285715
0.05787528745764039
0.2763811063549455
0.5275964173081821
0.16539935897435887
0.009239018291649873
0.5897861435949671
0.012853263403263404
0.415370498945499
0.02151073371073371
0.011317701742701745
0.26996264322193136
0.014631573981573984
0.015993474946106527
0.628108111333111
0.11426214357537887
0.6261421043438841
0.28867528125469294
0.5762837327704979
0.5917483746387768
0.006709523809523809
0.28647190864690875
0.18765996389231693
0.07902275714481594
0.02205366855366855
0.5898582850500035
0.19815960063328492
0.008873681873681873
0.03060011655011655
0.027857249939602872
0.5361853129069072
0.07430733041468333
0.14248539744569155
0.10411548606192576
0.013043900543900543
0.13334732212232214
0.027693292818292813
0.3962000947796611
0.018111652236652235
0.03965949605949606
0.007161255411255411
0.006296825396825397
0.5367903046300105
0.2917447727109491
0.02133156010656011
0.5376620890976932
0.013929978354978355
0.4272296840586311
0.5519931545578607
0.594120216384922
0.07388389698536757
0.6825010693125246
0.303256216851604
0.3863056524486866
0.10693501776001779
0.13863934398934397
0.01501987310075545
0.02143249528249528
0.04521707356970514
0.003045066045066045
0.014749207328619092
0.13463604059339365
0.019722483072483067
0.1321229825729826
0.13697123709623713
0.10534333379039265
0.7543827107704816
0.009974444444444446
0.05314769069939349
0.49758918385536044
0.003552380952380952
0.04440842327607033
0.016888270063270063
0.022167987567987567
0.3371391363710248
0.1665159848321613
0.005314285714285714
0.438432617425574
0.4577968293144762
0.29761284809961286
0.09039972054089704
0.16646574956691068
0.007559018759018758
0.002781818181818182
0.02578656621156621
0.08187236031941914
0.11476761914556036
0.12430086726998495
0.13588949938949949
0.12889677201883085
0.24667888598329785
0.03815333555333555
0.02472857501975149
0.3034996687952567
0.0693740231990232
0.041817707292707285
0.027510906740318503
0.006234050916403859
0.17015671240524197
0.10509803807303804
0.04915901709229881
0.0032251082251082254
0.013338788988788985
0.0141505772005772
0.005038514263514263
0.22569527580262883
0.24377857387710333
0.005993650793650794
0.03472066267066267
0.08074813634937476
0.03768514524690994
0.018024024994613228
0.03966465201465202
0.1631717582431777
0.08218214595861656
0.09031408591408593
0.027296925296925286
0.33074177130059484
0.14297082394729457
0.14860384060384058
0.019395931845931847
0.01794096681096681
0.0118279526029526
0.5317487510339677
0.3014052997655939
0.007833405483405484
0.3229558079605297
0.11906200629435933
0.015710891885891885
0.003269264069264069
0.3922931130960542
0.032882254999902064
0.0723584693084693
0.28642500209628713
0.002983333333333333
0.09142634310134307
0.008765760993392572
0.09030882767902892
0.007965821106997577
0.01985386835386835
0.008133103824280296
0.25338529607647264
0.0341726467976468
0.09796279341573456
0.02039970862470862
0.06197841994606697
0.07261661671661672
0.02392706182706182
0.16603108835608849
0.025743088284264755
0.3713093979292121
0.008221067821067822
0.6495047733312443
0.06423749301953632
0.019374686424686424
0.009877489177489176
0.036584249084249086
0.008846464646464646
0.004795759795759795
0.41580868963338
0.05754318671524554
0.016469073736720793
0.1229054961120751
0.402577460611284
0.010488478188478189
0.22227773125567254
0.5466366506042976
0.04228979908979909
0.08655917301652596
0.5178765964599557
0.08488116719881428
0.21489292990291442
0.061300657185951304
0.14334271653325367
0.31655831702697007
0.026239776889776897
0.06027182180564533
0.09589909745023831
0.27412536560484146
0.2812574259074261
0.04126104283573322
0.15164313464313475
0.26455851757461685
0.1264812964812965
0.5993436287568642
0.18834935685229814
0.022043363172774933
0.006964285714285714
0.017478016428016423
0.009782034632034631
0.028231271506271496
0.26573537375974116
0.01850930735930736
0.014643045843045844
0.012296270396270396
0.021307745032745032
0.606106983324553
0.10343879161773896
0.07837434509934509
0.01911125541125541
0.16649409201909215
0.19829518292165352
0.017324136321195147
0.014649009324009326
0.02011379176379177
0.09128822566322571
0.00954163059163059
0.00495021645021645
0.09192634146898855
0.011097541347541347
0.007612481962481962
0.03472244356950239
0.02431013986013986
0.004009523809523809
0.1951225782387548
0.6409909044945424
0.029908116883116887
0.04324604839604839
0.11812936785436785
0.042320859695859685
0.010277214452214455
0.027365312138841545
0.6405468240909418
0.5558125355037117
0.2308897525676939
0.08847253465488764
0.03393601398601398
0.011241872506578389
0.09137646340587517
0.013904329004329004
0.45406851302292506
0.04607430347430346
0.10122022422022421
0.06290219172812052
0.21747191746162328
0.10086380416968659
0.09135428721605197
0.311666555340085
0.6178636036564056
0.18446830777208015
0.27659210397445705
0.06722732822732824
0.15861444053882132
0.20491192500310157
0.3537228880858004
0.12595909303115194
0.01944787320522614
0.387654600954601
0.13656117493617498
0.013152891552891555
0.2119095668865019
0.010082029082029082
0.009759346209346207
0.008490764790764792
0.24926220037272678
0.02893098845598845
0.02290032745032746
0.565777013346131
0.46700665715433515
0.04171101091890567
0.020637709023003138
0.17771121086515843
0.32290930570977006
0.31420813561223776
0.5341398121486357
0.4768937763217173
0.3437161919349998
0.028884792984792983
0.2173003842562667
0.13978508795126451
0.002006637806637807
0.10840323076476327
0.029469252969252964
0.01923808968808969
0.044711565232153486
0.14319575081780972
0.03162566420507597
0.01881663891663891
0.5229544832618366
0.050457134532134525
0.12143858298564185
0.024315187590187592
0.26492298561431704
0.28802523620170684
0.11074557599263483
0.14297585159938112
0.1534856040416413
0.05005768398268397
0.24331271375683142
0.42513994387964954
0.31195033565505725
0.007356537906537906
0.5325835806350513
0.16798312039697494
0.016593715434891906
0.10878611921274468
0.04953570122687768
0.035369402492931905
0.022447890997890997
0.012048690198690197
0.029330874680874676
0.25620262468010163
0.12320679532885416
0.07240049395049397
0.012543001443001444
0.44560917807682504
0.027668696989285212
0.07984738529444414
0.05580005827505824
0.25843714017320846
0.10804246907203562
0.006759676434676434
0.20028333860841602
0.014476611297199533
0.011241581784228842
0.560334650153768
0.01830521423021423
0.02116247816510974
0.5063802667920319
0.14895748418248428
0.01741796536796537
0.5163749400152651
0.5477539601351522
0.2224736658766071
0.37002637542196376
0.09380661887132476
0.01602620516738164
0.019653344302756063
0.02089379509379509
0.01129098124098124
0.10348654152864684
0.1442627086965323
0.009642155067155067
0.16183285509640005
0.13107116169863858
0.02357099844599845
0.02693197031726444
0.5988862659012809
0.48693321661998157
0.0891959346638913
0.024468323180087886
0.2091976111607691
0.020510418992771933
0.01639747474747475
0.1744708111891548
0.026015173715173718
0.18334210045200758
0.02058944601150484
0.051419310101663035
0.12904897569750512
0.38334884902679034
0.11471162660868547
0.043673313528576674
0.010601221001221002
0.6632965729059381
0.03153736312706901
0.2971676132690837
0.34124968110664705
0.012124442224442223
0.04026940281940282
0.10888721520137933
0.622086559398634
0.08929963924963925
0.15391287144228322
0.248334556198875
0.554027289377289
0.11730608884579469
0.04204824897324897
0.18684871207224146
0.021534999967352902
0.026097664753547106
0.012240476190476192
0.019186333111333113
0.06212481129981128
0.030208053319229784
0.14169809634809644
0.0754727837521955
0.056655398359810115
0.2596016995302599
0.006353268953268954
0.01402886002886003
0.06561361723072248
0.28742642704732485
0.011935421441303794
0.013475757575757575
0.008671428571428571
0.03297841015193955
0.3585636632974868
0.041162716858305075
0.014714746364746366
0.18568799256299254
0.291714679438209
0.1644121156621157
0.03457907647907648
0.3920539904539906
0.015490986790986788
0.026150016650016646
0.048281676166970273
0.013433333333333334
0.26218979791278546
0.19413186176568525
0.10022838387103097
0.0033666666666666667
0.04879968968939555
0.007251659451659452
0.12331680149915442
0.017009121434121432
0.028661416361416364
0.030408045463308622
0.01805326470914706
0.03771875657881849
0.5749851894837186
0.3662696014769543
0.009742440892440894
0.010092918192918193
0.4480771710401738
0.1723796713090831
0.20235507886506343
0.007280122655122656
0.03933939116439117
0.12147019647019647
0.16773514720573546
0.007807539682539682
0.3861167370039662
0.29741357750436687
0.17006911095440508
0.37528111443976975
0.11651601731601738
0.029391916416916408
0.0453186591186591
0.022914444868856635
0.00921226551226551
0.036670845820845815
0.12472066521855531
0.3782691545382723
0.006435714285714286
0.02060757575757575
0.03500591630591631
0.5682567599067598
0.01503608058608059
0.1261822618557913
0.22057142230834192
0.00581998556998557
0.03579164724164725
0.015003363303363304
0.1680286894907638
0.5650503240223829
0.1471120105814378
0.5370923909423908
0.008641758241758243
0.19710249750249753
0.10889018285635933
0.024054212454212454
0.021495454545454543
0.011657936507936508
0.12055106005106009
0.026537956487956482
0.42617566989254324
0.03969537175930362
0.008610678210678213
0.19755010757216637
0.1758262284928693
0.01344001554001554
0.02888434343434343
0.010527446083328439
0.015063270063270063
0.35205384892884917
0.6492572574484342
0.021271714396714395
0.03327597402597401
0.026063489778195656
0.1575288888012572
0.025193298368298363
0.045149795955678314
0.15626367724123152
0.01818528971028971
0.13621778401337226
0.06935038752097575
0.058371855921855925
0.05817981152834092
0.10680675778469896
0.13442617105117102
0.2786979272361626
0.03228434343434344
0.09764261016761026
0.30861828498299093
0.21378435045346825
0.6340706163117925
0.4842572723973654
0.02723372150725092
0.5564443379805608
0.5237913849566327
0.02086071151071151
0.03096988566988567
0.015125446122504943
0.049399255156608084
0.023170573870573873
0.4674509622730213
0.24419045778782625
0.2498756012047809
0.6186862940293277
0.3473449691003869
0.12416649472444678
0.3366894343702393
0.15160307176483648
0.03370721141603496
0.20642047723518314
0.011573615273615275
0.6185620260458493
0.007918294570926148
0.22950261960261972
0.3444673107336419
0.021503210188504304
0.5145195190430486
0.12839178501237325
0.14633424353424354
0.12595585754115174
0.009266883116883116
0.032542069042069036
0.1447468697968699
0.058981604506604474
0.05803320633614753
0.1439153611094788
0.38910179937022055
0.05312038517038514
0.5300512327541737
0.021931973581973577
0.1335622513709201
0.226632888516712
0.011803846153846154
0.28630311779723544
0.236827894972245
0.09207333630421866
0.02151853701853701
0.015500704850704853
0.49523225253717545
0.37495096944678985
0.026867332667332666
0.03358398823398823
0.7335488018947
0.33432278897573037
0.021810250207309024
0.2455637267960798
0.03204020979020978
0.05597621822621821
0.03844319151780452
0.08293288590494474
0.017804761904761907
0.0028190476190476186
0.02047955377955377
0.5867629175348218
0.1041640385758033
0.005824647574647576
0.05068745421245421
0.22368646117384516
0.05728509986745276
0.36204962620798536
0.2060982551761964
0.4171080537281777
0.2517333907664404
0.036227643108525456
0.2786637849079026
0.11243794946883179
0.014727390583272942
0.14768654401154402
0.15496492331198228
0.09320134850529589
0.03050400155400155
0.507715493983141
0.018090864690864693
0.722032622056306
0.03750016454134102
0.04696838307890937
0.2098671642083408
0.044875059976143564
0.010770723720723723
0.23020957996252106
0.0982397626882921
0.3067261074322994
0.044191390919022494
0.07786874824521883
0.325499928666105
0.008141924741924744
0.014111421911421911
0.015285181485181485
0.030120395617454443
0.17565418192918203
0.005837912087912089
0.31850633629356523
0.1215731046731047
0.032029301271483936
0.36461334911218796
0.1656810596266479
0.36152132228796324
0.31883988870606533
0.422347029767618
0.25759951671135894
0.5748049709922001
0.07985026999144645
0.010515570540570542
0.4218761067364006
0.007057469654528478
0.21464573122955471
0.11857692274186087
0.0341823903220962
0.6746068779259955
0.026061466311466306
0.008844805194805195
0.40752506708977293
0.011505852480852482
0.5056365766586355
0.0387774642024642
0.012894033744033747
0.0056531746031746035
0.03857743922743921
0.031119297369297364
0.13834607213392056
0.018664613164613163
0.03329077034077034
0.08957049829255714
0.33831263197586725
0.05969613719613721
0.011904727951786775
0.02871623931623931
0.5118881504116797
0.040608394383394385
0.5595329087579086
0.17676181726769968
0.02533956043956044
0.3495218725804638
0.6798444148988269
0.16930022232669295
0.1377433824517417
0.16596942779442783
0.04755271199388843
0.04023916361416362
0.5400257403157558
0.2806610352066236
0.31048870508576404
0.2781569210201564
0.033777199434552374
0.020854924650512884
0.01050916305916306
0.017648082473082468
0.40231007015859943
0.028467304917304904
0.3494393149592063
0.015446847596847597
0.010719852369852371
0.041081809203868024
0.509520158436335
0.006572005772005772
0.006606349206349206
0.02216085303585303
0.07451771806624748
0.03501654456654456
0.00993138528138528
0.02493608336108337
0.10818942936148825
0.022421789321789325
0.04220445110445109
0.051463364413364424
0.01588881673881674
0.11106401082577554
0.03431141081141081
0.11385543835249719
0.6892059489530082
0.011039244089244088
0.03277634865134865
0.026959651459651447
0.5407421879376213
0.4949529787206256
0.025613787029963496
0.035515937657114124
0.12726693280919293
0.3015927791506739
0.022287319869672806
0.08430996036127618
0.43476164611102713
0.00191991341991342
0.31032209168540426
0.5997571126585834
0.015636172161172163
0.1588997476379831
0.022358001149177624
0.38653831221238344
0.09365133477633476
0.2299866350024245
0.02598119935619937
0.031417807192807186
0.06773384115884118
0.21398380017254706
0.4399836261949267
0.24757150627150634
0.13716147766062628
0.01745266955266955
0.08122011599511601
0.08217861860361862
0.26192592685092686
0.12398746906688092
0.009792779442779445
0.21906852869352877
0.2030001199780613
0.1881795975953871
0.011104051504051504
0.2006799575381619
0.2976675553548619
0.3297842688357395
0.16127419101366483
0.01651906981906982
0.10249122201328087
0.04039224778489484
0.03256416916416917
0.13788023365523372
0.10451556983608065
0.11900272978655338
0.010861205461205461
0.005204800754800755
0.012564502164502165
0.03204350094350095
0.020684585349291233
0.012120831945831943
0.020066161616161617
0.02500505328005327
0.06197711177711176
0.031471961371961364
0.03211427592015827
0.19131932014493944
0.14018721088852668
0.5252076048306699
0.20863350979086281
0.02276340048840049
0.27555426109837877
0.6008850660777127
0.017707345432345426
0.17590157897657907
0.019634170799960268
0.5901063211298504
0.013350216450216449
0.3670108185931714
0.018722222222222227
0.0430567570365053
0.030793831168831158
0.20175121271916946
0.25992219227281144
0.009204906204906205
0.02188241758241758
0.2615011684651778
0.6691300183906224
0.09195460552519379
0.012747557997557996
0.04429971315234473
0.5927411583686354
0.032247646797646794
0.3554717279452574
0.20648318625818632
0.30638574872839597
0.6488612369312833
0.23391320776746483
0.6653911707745294
0.11266377876509459
0.058520746083981355
0.01993896920073391
0.0465247668997669
0.027640032190032186
0.07655814185814183
0.026263047573341698
0.02770313852813853
0.24831479533538384
0.030433965707495115
0.20119167030080345
0.027031179931179924
0.00681904761904762
0.026002886002886003
0.29838400472076965
0.14613718518323782
0.009527200577200575
0.09892273771979658
0.009254184704184704
0.01593453490953491
0.036670988806515106
0.3269546855105677
0.5814020373417434
0.11432396975715392
0.3949443194060843
0.005501233853865433
0.009821106671106672
0.18213019655782817
0.01911396103896104
0.11406094183594186
0.04228921911421911
0.6502513869944987
0.575224673692321
0.03631251248751249
0.11032352190293365
0.4978663318707435
0.7665401560857441
0.007166489066489065
0.0328043068043068
0.026647890997890993
0.013089393939393939
0.20303738191632936
0.6661550871127501
0.3956583064424396
0.13998687423687428
0.013212698412698412
0.01125895215895216
0.06379710975299206
0.4466936202686203
0.016815029415029416
0.013786552336552339
0.6742755313142308
0.01225794760794761
0.026845285107049817
0.019245490620490618
0.042028741519917964
0.37775785048285054
0.2270314015619744
0.26208977689015056
0.0435661877338348
0.01403096054272525
0.0045761183261183265
0.11933322510822517
0.42109939754947495
0.010595659895659896
0.33178927509538925
0.25736477378830336
0.006954101454101455
0.029865667665667655
0.1338592851592852
0.00883787878787879
0.009014285714285714
0.43158117657196593
0.00801825396825397
0.5115130607315389
0.18174352897704288
0.01779242424242424
0.024760950160950163
0.17412749309514025
0.44547287028417043
0.03704183969625146
0.00815023865023865
0.03560107800696035
0.10692705905205908
0.30929566237855727
0.06268109945609943
0.0860247445365092
0.1251392160127454
0.010797080697080698
0.020182850482850477
0.029528503685856623
0.006621711621711621
0.5702226220288137
0.19093733222401968
0.15224668821890186
0.16964944222444234
0.3124819436669281
0.22866088617265096
0.37875646037828686
0.02654848105111263
0.3874342213342211
0.030511100011100013
0.019187327052032934
0.12381286099521396
0.010449200799200798
0.3862209275846273
0.11524159754560218
0.027920923520923523
0.011687914862914863
0.006389560439560441
0.027979421885304237
0.005156410256410257
0.11798554321495502
0.47733103334573934
0.04313836163836163
0.22965797258297269
0.05327350557938793
0.04499633144633143
0.08786167166167169
0.029670129870129867
0.09449609466041356
0.4181693763924415
0.16160838671132793
0.019090379555085437
0.1394735689147454
0.2564424528086294
0.034239077589077585
0.06113010878010877
0.008403246753246753
0.02036290931290931
0.4176125498254755
0.38401008084659977
0.07829010434010433
0.008009920634920634
0.16592347929847942
0.22707018043016503
0.32470941414966165
0.039872921522921524
0.342699146278558
0.02068322510822511
0.06793277833277832
0.05932215741774565
0.19998918843454466
0.0157491785991786
0.03200114860984425
0.16889666167166173
0.4825965698560125
0.021347188367188366
0.006819108669108669
0.013930722055722055
0.5559804421069128
0.012786724386724388
0.7406489010301707
0.20244626409022706
0.2331323428205782
0.13250405248346417
0.03947943380149261
0.4496870103151063
0.24946290916685662
0.02807920967920968
0.2968691408694503
0.004730065359477125
0.24171958025634496
0.22920035902387517
0.6304868496312771
0.08935070876835582
0.016543847818847816
0.011521034521034522
0.4813138262064732
0.06908190201611253
0.018286718836718834
0.6228907216278731
0.02134770229770229
0.09651308635808639
0.006515151515151515
0.43903948861595915
0.04869837548072841
0.04298025993614228
0.2244481215980443
0.03318467088467087
0.01807226107226107
0.014933977133977133
0.04688923625394214
0.6842986492437731
0.031248126873126867
0.513875633353575
0.5395371793239443
0.027864313464313464
0.01348051948051948
0.6009670179781333
0.5071836875542757
0.023588356088356088
0.02080774225774226
0.2223173864233464
0.09434419702244781
0.0028333333333333335
0.006233333333333334
0.07511017136458316
0.007339510489510491
0.13293373619844223
0.01882784649990532
0.31971434007169325
0.13608068222627057
0.18521769537651897
0.046756501831501825
0.16265849799532664
0.013036788942052102
0.29956728500257923
0.7072469315256467
0.2673038683538684
0.03097848262848262
0.21744207536529536
0.019182900432900434
0.24491501944533978
0.14774572486337195
0.00471969696969697
0.04836151626151624
0.011523529248529247
0.009185930735930737
0.03127107862897336
0.10408539842510435
0.6583586111600822
0.05145807262912525
0.07000250305250309
0.12991706904206907
0.23373522651239376
0.10163776649047551
0.00506089466089466
0.17747493470581713
0.21292028820852354
0.40896994877327697
0.16259714827656005
0.033756635031635035
0.5448690709617179
0.017281157731157733
0.11854295361501241
0.39835809927086985
0.006931684981684981
0.26179928959928966
0.48518896264554157
0.05810277500277499
0.04973858363858363
0.002934199134199134
0.022366178266178264
0.27741759039893726
0.021462384347678463
0.11381440650852422
0.4634637984564453
0.20511283716283724
0.05100348540348539
0.14223684396584862
0.010129012654012655
0.009881551781551782
0.03264187479187478
0.020032786657786655
0.014088906355082826
0.31034293153526904
0.23328334401236883
0.05123692973692973
0.050409362859362844
0.012552597402597405
0.13742945985902646
0.023954329004329006
0.09135988587435954
0.0516666378427214
0.1107112498612499
0.027026695526695517
0.030000940725940718
0.463494443525171
0.03316093318446258
0.46672143426748697
0.11451364775575311
0.05272698836251466
0.033019993894993896
0.03367211399711399
0.01092075147075147
0.028718636918636922
0.0932834498834499
0.016734559884559883
0.2957276338041044
0.120876803631525
0.00843968253968254
0.03220252688487983
0.08077961702040651
0.04170238601268011
0.3277080835830835
0.06125214948450239
0.008916991341991342
0.1274727383641471
0.12703581424595362
0.283956062513338
0.05588062786886317
0.04317057191174837
0.17029821742584902
0.2248789321789323
0.05320927960927958
0.014108706489588842
0.6747786531322137
0.011281074481074481
0.22151754911754926
0.5251864547045664
0.09669025974025974
0.01603956598956599
0.13946626331185155
0.5883820630350041
0.02987898212898213
0.25994986735830394
0.009608730158730159
0.031509343434343424
0.022592962592962593
0.6388813457784048
0.5981346462361169
0.01256070853810792
0.14453655592773246
0.20666552434493615
0.11187222744575684
0.4567658736516321
0.023049628149628146
0.0627321845509152
0.03489019314019313
0.2083066622919564
0.07806053391053389
0.18493914696414693
0.03190495566524977
0.009552713952713952
0.015703066214830922
0.14560036483124714
0.152909004884005
0.2735864813291285
0.046776148687913376
0.009047835497835497
0.11923358438946674
0.1705491534609182
0.38315321149438797
0.5191595196856806
0.0885588994338994
0.0225409645256704
0.20054340920517394
0.3432676115164504
0.26152746801701915
0.07659063714063716
0.06834293761793765
0.035754784104784096
0.47727099884119994
0.11823327391562687
0.006219047619047618
0.3355112000744353
0.060413004977478646
0.016509232434232433
0.16793892414774775
0.03872202895144073
0.00638951048951049
0.031632824777561616
0.2694148188412895
0.03905914510326274
0.30383775342304736
0.556607674025321
0.024892027417027417
0.016962393815334983
0.2507554546932257
0.11799712281182873
0.18305282113311544
0.18727965172082828
0.5123795975266563
0.10425470901647378
0.009493073593073593
0.45982219169719163
0.007277639027639027
0.010297474747474746
0.06423198161487635
0.024595415695415696
0.019771112221112223
0.32519603745927284
0.011325019425019423
0.016225241425241427
0.3619068354847766
0.03594676989676988
0.25676221765850266
0.06946714135537664
0.08008040390981566
0.013359662559662562
0.09870577478077477
0.0281012987012987
0.20843903072331857
0.08665140268228506
0.5673929860760827
0.1350685122067476
0.07530721778221776
0.0028095238095238095
0.0168251887001887
0.4288990009990009
0.309989566642508
0.16472344436609146
0.0177016095016095
0.024922111222111222
0.03017819663996134
0.43464655309430855
0.6758327420343677
0.0379605672105672
0.21526344550702142
0.6098349629129043
0.007625041625041626
0.008512907354083823
0.022950869392045856
0.5149618647550228
0.03910386296709825
0.10783713312830963
0.009098412698412698
0.028765134212193035
0.03048382728382728
0.06873314463314462
0.02700898774428186
0.028285919635919636
0.01969458319458319
0.21186313583217625
0.24088810062486538
0.1509078063405463
0.11439390609390611
0.5334982894556424
0.277822055223758
0.3235500341162105
0.28965970520707374
0.4474593098078392
0.46606526877834903
0.24912897053926472
0.18368998746351686
0.10078798521739699
0.42677445691563365
0.294503610931552
0.12931251625911075
0.005627594335489071
0.10196864459070344
0.10961518301959479
0.07479115720880429
0.09250811264758638
0.16260903328697446
0.0451695387945388
0.06044152791652792
0.048903324453324425
0.10501513384276542
0.02339280164280164
0.02414622877122877
0.2904354000402762
0.019668872793872794
0.08108024198024197
0.09589871892813069
0.35960382199499846
0.03699802974802974
0.022000201106083465
0.018154806304806308
0.01631942501942502
0.5572138967241904
0.011008103008103008
0.01123707403707404
0.24561410405339265
0.035759640359640354
0.15206759221170996
0.020841377482166957
0.6042470144406676
0.3545893598231832
0.008757287157287158
0.581917137111255
0.10506280549515848
0.547022749000226
0.4227332801099829
0.012793367743367746
0.2566332174361586
0.06856640777523126
0.011637297343179696
0.013367846532552418
0.15172921424980249
0.014441097791097791
0.025605794205794213
0.01511744366744367
0.2112866091510829
0.08352722669487381
0.13256463781316724
0.5654648245403364
0.020791486291486295
0.05088485958485958
0.5775979079743787
0.032046588378941324
0.015581135531135533
0.018955305805305807
0.2516606560106562
0.11306330891330899
0.025190992830698714
0.02872772125535283
0.08608184315684321
0.04129540590987959
0.20945336966954636
0.09552427898898486
0.03775659063159062
0.016640398490398493
0.046286202686202677
0.1268082167832168
0.5427296113157571
0.025731414663767598
0.014786507936507936
0.01418762348762349
0.02507777108512402
0.0724751276501276
0.026794058719058725
0.029078088578088575
0.024119949494949493
0.6562198662448661
0.10576581761891368
0.034698662448662446
0.49657644554746794
0.12553211510711512
0.038519350094350105
0.22552083357818656
0.011235142635142633
0.10507577990464984
0.05444056041997217
0.0052326118326118335
0.50515817499494
0.007914663114663115
0.030261354984884383
0.4965716528569469
0.02009878454878455
0.602195271085983
0.05005292485292486
0.021956845931845933
0.10788534798534805
0.008034920634920634
0.019180486180486185
0.0154025974025974
0.09659222721722725
0.024759013209013206
0.10669292790113223
0.013253113553113555
0.6528600491012249
0.019915293040293044
0.03849069819069818
0.015537314319667256
0.03895991639079873
0.3288503640150703
0.013249056499056496
0.03222940130045392
0.00549044844044844
0.34435776462099993
0.012167765567765568
0.13086884385861375
0.04010103084050452
0.16406637969873264
0.3401490592740592
0.022730841380841384
0.02899607337107337
0.013538169183757418
0.0630465987229145
0.013590442890442889
0.26958964091464066
0.15286116374651515
0.19424150016650021
0.10173517257596204
0.10553711382356892
0.11573798652328068
0.2733404788452
0.5209189593086653
0.30152921849392433
0.05146430791430791
0.01718796758796758
0.02576891164391164
0.04887667887667889
0.3353301918068174
0.5497243248581482
0.038354773013364346
0.13287952994717706
0.00831851285968933
0.023215809190809192
0.009684343434343436
0.02154154538272185
0.24084125928251335
0.043755872722049186
0.331647834604336
0.08068373064843652
0.11350805795511683
0.009815195915195916
0.11571090782282736
0.007726190476190475
0.009028227328227329
0.07922754500401558
0.01666247641247641
0.0873541208791209
0.0363715811965812
0.19361837019189976
0.2841303999921647
0.011485664335664338
0.03765291097791097
0.6609335346456096
0.27717590203913733
0.032513526892783855
0.026058297258297256
0.02022976467976467
0.005523966556319497
0.6404179008899593
0.019648656606551337
0.24661365709453953
0.010712987012987013
0.02873701298701297
0.25345067040802327
0.5406853605402837
0.0178111773847068
0.31327173522212237
0.025754317904317904
0.27736348757022145
0.007681385281385281
0.020732683982683974
0.009328571428571427
0.0017749999999999999
0.04023745158350421
0.05982902485408881
0.005227960927960928
0.0741642899584076
0.05604968691439278
0.3879223684554181
0.1015351862190098
0.021880796980796986
0.030822188922188926
0.25844329530978144
0.04009812964812964
0.2520720150764269
0.014373060273060276
0.08523258375611321
0.014571008893067715
0.3767304538598657
0.1549506188256188
0.026248706848706848
0.02191157453657453
0.07394342765078056
0.024921319791319792
0.025461767807356036
0.3366836312380431
0.014790570540570543
0.014366883116883118
0.023223615273615276
0.08362474274091922
0.007475396825396824
0.08352798998387233
0.28643043851573263
0.015611704961704963
0.43728529917794634
0.4998080641580639
0.034916792684439736
0.004002287581699346
0.5626426626091486
0.1191302340848007
0.006075685425685425
0.03541192696192695
0.027254678654678656
0.3032995812584687
0.029888425463425468
0.05644659588777235
0.022354007104007104
0.019445066045066045
0.11893848863554746
0.016458946608946607
0.12199787712287714
0.4113344979581824
0.5859577207106619
0.03590501410354351
0.2989106782536352
0.28857169742022687
0.25895634394844924
0.018988961038961038
0.3075181593518282
0.018133122433122435
0.02479163842693254
0.15478295062836386
0.008853643578643577
0.00871194916194916
0.5542591455929688
0.22653224524014
0.010130058830058828
0.0024285714285714284
0.05528455890514715
0.225822625869143
0.21560605603546779
0.09658502053502056
0.26612012203482815
0.44155833873728595
0.19174738141974987
0.5678717055819997
0.12475815280350888
0.05470677198618375
0.03070541288776583
0.031223193473193474
0.013253968253968256
0.2816705441617206
0.03486911421911421
0.13395883137330508
0.5758268742695211
0.019773520923520926
0.015960761460761464
0.020677605727605727
0.029625441225441227
0.05180636896643087
0.023275341325341318
0.18193089100442048
0.12262613089524856
0.01872069597069597
0.12267488883665353
0.05920249796642984
0.1087845321345322
0.14659444069002897
0.010216013071895425
0.025488584454760915
0.025602620582032342
0.4384610500610498
0.14203871717377906
0.13162760784966673
0.3387855872799371
0.014361580086580087
0.11223060893355011
0.18526945414406717
0.03772748362748362
0.07231589799089796
0.012909706959706958
0.25269028022201373
0.021924220224220223
0.0005873015873015872
0.026797244422244425
0.0034937950937950937
0.0076887279387279385
0.014165504670767829
0.19851181694122866
0.05256429681429679
0.03389815739815739
0.02881032301032302
0.023543800643800634
0.36134258551905607
0.09008394208131049
0.16221648759736992
0.1154736124986125
0.175680609208473
0.07593299723152666
0.021992810088462263
0.005471428571428571
0.014641200466200465
0.00932124542124542
0.04149382006882006
0.2607718579356661
0.40205775547981415
0.011709496059496059
0.04786107226107227
0.14237427343897932
0.3511052961830052
0.10300057295645533
0.02720766586354821
0.04710763680763679
0.2973923352962827
0.4689519576227004
0.2917268033566023
0.01389958374958375
0.08825200800231763
0.3049479032405502
0.0048265873015873005
0.035312798312798314
0.016860372633902044
0.029058647888059643
0.07591227661227665
0.1395305888555889
0.14334907951525602
0.007005905205905206
0.032385442335442334
0.009353674103674103
0.013731257631257628
0.006054761904761904
0.14146070773052202
0.01722280301397949
0.7262841597944542
0.009992963572375337
0.2836207972454103
0.4915971642478608
0.028550882450882456
0.017119943944943945
0.05904651753475283
0.16714748127689308
0.03023698213551154
0.12553790268898624
0.5602221370562706
0.18274140630611227
0.2561498398574249
0.584962816105463
0.0429479326229326
0.018768109668109666
0.21096400821400837
0.010096536796536796
0.032629231879231876
0.08113004707710587
0.032911851547145654
0.011873114630467571
0.5241263455498748
0.7191746076421
0.02000543080108298
0.01843156565656566
0.007586346986346986
0.026567076224429165
0.5958319592172533
0.016962842712842714
0.0618036457007045
0.13255496519304566
0.016998845598845597
0.13529575610148364
0.027676541879173445
0.027642468642468644
0.22457058578676228
0.008023149073149072
0.16420831733625857
0.0021818181818181815
0.24332213092205357
0.02688374501315677
0.1757074623003416
0.03178985721880459
0.030514063714063715
0.2868129705176144
0.22930201947175646
0.0052
0.38016855595385013
0.44583990405019774
0.10786570739202322
0.059145017400899766
0.019218506493506492
0.01795995948495948
0.2446042374292375
0.013408225108225105
0.027447259113435585
0.021730802530802524
0.13405869963369965
0.1052962617447912
0.03143637473637473
0.00412051282051282
0.017920865245865246
0.00780858585858586
0.02266574251267346
0.44563280216515494
0.006263636363636364
0.02345970271558507
0.1467542390615921
0.041482500832500824
0.07702643712496654
0.3030881967275931
0.27531726960129527
0.24016483369571615
0.6094176908231087
0.09792243877553478
0.04258749028749029
0.13607876388317566
0.02808790980261568
0.6798220857573789
0.1399534535639798
0.020034487734487735
0.027811949978126443
0.08926999389499393
0.009270202020202019
0.0035459540459540466
0.7288932585388466
0.011700072150072153
0.008815512265512264
0.12049561908679558
0.05485775547981428
0.09541049359137593
0.020237698412698412
0.056480215209626955
0.025594055944055942
0.6557240183105505
0.02924071206571205
0.014762929554106023
0.012135947385947388
0.22245039339745237
0.09269831922463503
0.516396385858275
0.29002118175941694
0.005131096681096681
0.018828177378177387
0.010856787656787655
0.022520712620712622
0.024294227994227993
0.17689028912264207
0.016184077034077034
0.5245257132186704
0.008973088023088023
0.16280266275691982
0.024450046848576257
0.15268679490444204
0.4349507125227714
0.143631795981796
0.10360646934764582
0.3052413165266103
0.5665861120733412
0.40227914371789064
0.3925710226048463
0.6379312464281506
0.5307164508693922
0.031114604284604275
0.13385558685380675
0.2669176052877291
0.2508375268522329
0.005278521478521479
0.010199270990447462
0.06721471420736125
0.13789415170313002
0.026199638596697414
0.17289506407204622
0.08307155230390527
0.00906277056277056
0.015993062493062492
0.2723921942436648
0.020483375774552247
0.18868365878187862
0.47373528854186747
0.011902417027417027
0.032516176805650485
0.3254760040612981
0.0049876290376290365
0.5492950078902862
0.5645164010224378
0.38916561354022655
0.016526085026085022
0.09842593517593518
0.7092552470405408
0.018471595071595074
0.13879509941383003
0.026879082029082024
0.5486135340150045
0.02178937173937174
0.3500920693685399
0.2085334201745968
0.18344428626928624
0.021982087357087357
0.15891315987074514
0.0015
0.14270406652171358
0.13746380826775567
0.16832771395271398
0.16502931790431805
0.3000902102799161
0.008335421888053467
0.7525496973902244
0.04835699088493206
0.10580925293802537
0.11257642233067934
0.07720825791855208
0.01064738137679314
0.3483611743519638
0.06163245643245641
0.0435511700717583
0.4782433719874894
0.0035315656565656564
0.06748807026307024
0.037198883959178086
0.4504307677616499
0.2586634090969232
0.30700709130051224
0.6062371642805082
0.4511209520871283
0.42971801748303257
0.12168153317270967
0.1294120049283362
0.01395220057720058
0.13106745476745477
0.047669512840101076
0.01149711954711955
0.16233964613817567
0.04517021834374775
0.3513450110347167
0.18698143555790608
0.2690123168888514
0.11265759028553149
0.31595006578388934
0.011086108336108336
0.5475795417001303
0.009574025974025973
0.09226005383505385
0.38096532927856475
0.01612926517926518
0.040341371961371955
0.2385441887060309
0.6260886920956584
0.09899233789086734
0.6271862079097373
0.06256106556841848
0.06526948341513558
0.03167732822732822
0.5576577644577643
0.011999222999222998
0.0033287878787878786
0.5975466750741517
0.15879639687797592
0.03633921356421357
0.5899176341632223
0.011582417582417582
0.027722288238077708
0.07075891053391055
0.2462187609775846
0.047058441558441556
0.14499413539676706
0.5617420163170166
0.2637291068408717
0.03266769896769896
0.00215
0.050297884305237246
0.08732877993179856
0.030508143490496426
0.09530785880785883
0.028088455988455985
0.4031510518254125
0.05903331635684575
0.23982328311523388
0.23073728675005764
0.057976566244213296
0.30535595499271995
0.11261712877765509
0.18009773837273846
0.5992745604069132
0.15241838237441954
0.3807669469419469
0.027415688955007837
0.15985314685314686
0.01569459984459985
0.0019238095238095236
0.005863492063492064
0.3496702160584515
0.0035626207126207127
0.030580569430569422
0.4406563803843215
0.04563519813519812
0.02484604226183172
0.05778106697224342
0.006600960150960151
0.014089177489177492
0.26602684309154917
0.01918335553335554
0.10445083250083248
0.00888452380952381
0.4874279304029303
0.3269840455296338
0.020331851481851487
0.28577608061872783
0.22002844969787713
0.2352239515730229
0.002630952380952381
0.030786847792730134
0.3797859413462355
0.4042014725470609
0.2170110056610057
0.1917460492122257
0.007612539094892037
0.02152095127095127
0.006143867243867244
0.007724310776942356
0.43648984767382604
0.010264896214896213
0.5909502373443555
0.042365894660894625
0.012789260739260736
0.1648339382839383
0.06704308497697242
0.561224980334423
0.5809139552226243
0.02323614718614719
0.08370932222232537
0.02335906315906316
0.020647465279818217
0.02830150209267856
0.0221463702963703
0.29168819710561206
0.1504492757242758
0.015866059846586164
0.42570912532599836
0.2639462221644885
0.11020332400657483
0.25126101170071763
0.02012820512820513
0.07064609834609835
0.021166999666999666
0.14046869698928538
0.04153484848484848
0.0679476701403172
0.1008919864449276
0.19504515825890503
0.06813247242953123
0.025603651903651915
0.050137485553662015
0.21023183124065495
0.007634920634920634
0.14629577427216753
0.37588625067742715
0.02019516594516594
0.33496992223462807
0.17955129202582756
0.026885262776439243
0.21097422463157764
0.40464237004825276
0.325170394569311
0.018289127539127533
0.02206750047338283
0.006227705627705626
0.22130233230821475
0.036369907955821255
0.4377849792364496
0.01971750471750472
0.032721844821844814
0.0305154845154845
0.013337741790373371
0.18002912577618474
0.009248701298701301
0.04314857364857365
0.015623279987985867
0.17732652902652907
0.1199678626928627
0.13822625518616236
0.026770809745809743
0.24478317935934046
0.047870956820956795
0.004721568627450981
0.0194512876012876
0.07434309693574402
0.5061729797979799
0.17868481149913049
0.7222195268182109
0.1568179564587461
0.010107756132756131
0.05069000095192044
0.487578605544782
0.015646403596403596
0.05665029415029413
0.04897270393005685
0.03775040515040514
0.00921826506826507
0.3447303623363219
0.044984681984681994
0.0037317460317460318
0.17190541752708935
0.0964100455100455
0.26428017005354465
0.14844983953954557
0.14856477604782564
0.358924812279224
0.08460349927849925
0.4084251258545376
0.007318356643356643
0.2095360459801637
0.6096702877188169
0.02855546965112183
0.26657302974802977
0.023394887889887885
0.01068914973914974
0.057953556247673906
0.10922930957930958
0.05704474691974692
0.06969138671785731
0.03542376731455678
0.015001561183914129
0.10660325785325796
0.3980160451777327
0.16571716486128255
0.2602776415105365
0.0016857142857142854
0.11394580223697873
0.0360590641384759
0.1616191502941504
0.018513349395702334
0.010868181818181818
0.019380536130536124
0.005519191919191919
0.017983893557422977
0.328861171018524
0.006047222222222223
0.20100039617245508
0.18764793033763633
0.03984219767160943
0.13301863116243923
0.2745857337107338
0.14593567869179322
0.19034000117529543
0.013679867354867356
0.043555433455433445
0.6627308860643998
0.1328613089438941
0.025926312576312567
0.3905247550866745
0.4354277147688913
0.017906769374416435
0.024567316017316015
0.6799796624514117
0.01098507130124777
0.026025924075924075
0.02379138916638916
0.04792155899655898
0.18097659843596384
0.00794033189033189
0.009169047619047618
0.0156015873015873
0.023833904983904967
0.03347095682095681
0.019826345876345873
0.02209984459984459
0.1439183123549997
0.02145007215007215
0.007022410922410923
0.16416780653986537
0.2124102846328079
0.16469199040553537
0.02118645418908577
0.22615617396879006
0.044429195804195784
0.575607677126795
0.18162730237083194
0.5390089402427637
0.005523088023088023
0.12858029882054658
0.006670401820401819
0.013268001443001444
0.004086813186813187
0.02421459651459651
0.009607570207570207
0.01579871794871795
0.020033222333222335
0.02956040430158076
0.023494624819624815
0.018151919322507558
0.08412958528399705
0.003542207792207792
0.032951670551670545
0.4398751069192242
0.27804985664490306
0.020068453768453766
0.20036119713619724
0.15888484522013932
0.0265792313895255
0.025580466755466758
0.6377533234137726
0.06980957375957378
0.6408202444472266
0.14090490261372618
0.006633355533355534
0.02412957042957043
0.13554317381964445
0.056202041903744664
0.37260179689591444
0.16440833517188005
0.016706068931068928
0.016431249469484766
0.05944612249635466
0.03333688312031965
0.02099208569208569
0.05195036907536907
0.5688943366948483
0.016617818292818293
0.24144091676297555
0.18599738855915335
0.008881746031746032
0.3557224494459787
0.023649056499056496
0.13548199235405117
0.2349456229099418
0.03067613954672778
0.1617033659151307
0.019908369408369403
0.030117582091111504
0.008085453435453437
0.384574988753936
0.10169956242587821
0.07042143379496321
0.011739871239871238
0.02548601398601399
0.011624267399267401
0.39050458129761534
0.015561760461760464
0.008455167055167054
0.020014726939726942
0.0024733893557422975
0.011585037185037183
0.028397047397047407
0.032304956154956155
0.010874364524364527
0.02345543345543345
0.03143090798090798
0.03602229437229435
0.09618944213681059
0.01622950937950938
0.03639603729603729
0.00827041292041292
0.02245030525030525
0.04239766344766344
0.04684185814185813
0.1481465320627086
0.46387700551426586
0.018930934261816613
0.010283394383394383
0.3550791763791766
0.03180708458208458
0.23015135289547062
0.02006911976911977
0.017849700299700295
0.3699042013542011
0.07464723217958515
0.014816988566988563
0.013910989010989012
0.02393488733488734
0.029139952531129
0.13068225663225663
0.03248895838461055
0.015337096237096236
0.4645082218263333
0.014989105339105342
0.0945983460983461
0.07125091836268305
0.009669011544011546
0.08992135054488001
0.019654315129315127
0.7209613759936991
0.31903118352236
0.6285943658594592
0.01531992451992452
0.02429227994227994
0.40690732323232315
0.03339632312132312
0.008347902097902097
0.018403649128649124
0.06141584526584526
0.14439679568797226
0.01845732323232323
0.22731420311714426
0.009587395937395934
0.01693589972119384
0.16914146922049403
0.03159911404385087
0.012755194805194806
0.08499920063596532
0.010038888888888889
0.02626988240517653
0.011489194139194138
0.008662337662337663
0.02172323232323232
0.024261804861804858
0.03898397713397711
0.29955011377511387
0.6455013321645674
0.38145694962931814
0.0607673824197818
0.031670589936379404
0.03221313131313131
0.022223154623154624
0.6063615000840236
0.16718353754089055
0.15027428843086735
0.008914718614718615
0.08733189163777402
0.1958645002056767
0.13571092453298342
0.3733155233655236
0.12392106504606501
0.012053402153402157
0.20638375676610987
0.19905123543467204
0.18585111261287746
0.06909212454212453
0.6482334667912069
0.4118943896832438
0.06668057220557219
0.13263593906093907
0.23597109330298202
0.028921986346986343
0.035688366861896276
0.009852736152736154
0.1509899997061762
0.5240791771953536
0.03866812076812077
0.014020606844136255
0.012309337068160599
0.02005169764875647
0.12977091699150528
0.010989560439560437
0.004676068376068376
0.676830409348134
0.5501299535431887
0.18191437754338233
0.06201835386835384
0.029779107004107
0.18459917745653054
0.1557662709839181
0.03321695347136524
0.020256018981018975
0.0205309385059385
0.025425188992294248
0.008745454545454546
0.09857399544899545
0.02070281385281385
0.012622943722943723
0.03407939985710882
0.07391398780957603
0.011154170274170276
0.017648074148074146
0.017818031968031972
0.02150990953490953
0.5729479982435867
0.5868263165541027
0.017853177378177383
0.19332783556312977
0.12606110774330592
0.01542871572871573
0.02335613275613276
0.42479220746573704
0.1104041058958242
0.12830419857919864
0.21403973134708415
0.742482910144103
0.01593555725320431
0.05314427043544692
0.005302525252525252
0.13050237893341607
0.01059608691961633
0.4282374045888752
0.017084870684870686
0.1470891624076408
0.011186796536796535
0.11099709179709182
0.051678202147383744
0.15994852124999193
0.022207903207903206
0.007730493036375388
0.008361610611610611
0.041225036075036074
0.17112100552526247
0.014614930820813173
0.02707175602175602
0.24556833640215986
0.020592093527387636
0.03988066100566102
0.023395670669200088
0.26654461554956915
0.0550510504115767
0.316567052555288
0.1651786639830758
0.02665199245199245
0.0358991563991564
0.013654345654345652
0.15224044566544578
0.012943750693750693
0.06844891693274043
0.00384018204018204
0.005764570070452423
0.009014713064713065
0.018243184593184594
0.057745386476268805
0.08597333511898728
0.28574037803441826
0.12538048618048622
0.1035387695637696
0.0062091575091575086
0.019105303030303028
0.020216512572394922
0.1652509657009657
0.11922100562835858
0.044019341769341754
0.055477369852369854
0.20605164002664017
0.016269964349376113
0.48724401415577884
0.36125310186889115
0.00365266106442577
0.19000073651838364
0.37374939541882274
0.18792778496013798
0.6995990730889337
0.14341048200165846
0.024082890638772995
0.1270207679747154
0.1674588473617886
0.13627288691700465
0.019799678099678097
0.0057113997113997115
0.3387330089587055
0.011905285357916937
0.04656827780063073
0.014982683982683983
0.014992474192474193
0.29600962072842885
0.031553107676637084
0.04173240925740924
0.028977574180205752
0.46356267452018224
0.33415261372614297
0.04026980110532741
0.4533900070517715
0.13962962788845149
0.14839402179348002
0.007749567099567099
0.28254524846498524
0.023198064680417622
0.013078030303030305
0.020063455988455988
0.33510470195439235
0.02320236919942802
0.026900721500721498
0.026407534132534136
0.23083243227360872
0.4038418436139027
0.19143531725412533
0.062431501831501805
0.20208059962912917
0.17364573900471741
0.7259270739064858
0.4283164613164612
0.18773249785989732
0.008787662337662339
0.028652583381530747
0.6486158240452358
0.07398959096459093
0.34949824889592657
0.3089114067305244
0.39550627150627143
0.005517865467865468
0.10393052045993224
0.10422314482902721
0.4466273666048432
0.093273631923632
0.008398972922502333
0.04477013509366451
0.01685169275169275
0.09814710567210565
0.16535064771829494
0.052927569162863265
0.05341928006633889
0.34776856182173493
0.017729864579864578
0.17129292472233662
0.09927721102426983
0.25802456318191636
0.12130247530247532
0.15229397558925434
0.5723328880098234
0.027618181818181806
0.03266782106782106
0.22609359019033942
0.6183935450514396
0.060344224781066866
0.015267343767343768
0.006178510378510379
0.01410474917239623
0.005489826839826839
0.11061514319014326
0.18285333000333004
0.002024175824175824
0.10519937611408209
0.032458802308802305
0.08153826728826732
0.009143939393939397
0.013242857142857143
0.04391676057860267
0.09159342324342323
0.022541280941280942
0.10175519121401477
0.08627549760181341
0.032863825063825056
0.07341070873570872
0.30305553275413966
0.12180091509797396
0.010160556110556112
0.009429653679653678
0.045188452070805
0.05692702545992018
0.29585468232960555
0.023969058719058724
0.09948901698576629
0.007286580086580086
0.014762940654117122
0.6883285381285384
0.032506784392078505
0.12176547716988902
0.48939338881792427
0.01626480186480186
0.10387853849796577
0.42284176754617936
0.5230966345659844
0.04539452769452768
0.4984945050047995
0.016382695082695083
0.01929136141636142
0.015072565136961421
0.02621407481407482
0.3439172123456179
0.0240791847041847
0.7093642431098315
0.009858902208902206
0.6744264457764461
0.020967576867576866
0.44904515207015205
0.3188116808028574
0.11482976598564833
0.02648943833943834
0.009450578953210532
0.11969771258153618
0.0014139194139194137
0.006347477522477523
0.2758096712111419
0.10610144855144854
0.02817905150405151
0.01806832056832057
0.04142789432789432
0.2854275001142648
0.00918060273060273
0.6327942395409887
0.015319794584500467
0.015094932844932846
0.1171760074892428
0.013551575909470646
0.14156425600543251
0.3508784229014879
0.03501977481582745
0.004026806526806527
0.010575541125541125
0.6247701243201245
0.2266418504010611
0.004925419025419025
0.008455627705627706
0.008393672993672992
0.011491847041847041
0.015419047619047619
0.02845708764060156
0.3632381443461938
0.009380558330558331
0.29940032614444373
0.268602649801179
0.5042948474040578
0.009654970846147318
0.015852770183033344
0.03102882281117574
0.037689277389277374
0.09936760902496203
0.5787912870754979
0.041170457320457314
0.32070403017175503
0.02486767676767677
0.07115922492540139
0.20690826428473497
0.2718110962566845
0.037198883959178086
0.48330424542777467
0.03214525474525474
0.021035425685425685
0.5584123733851286
0.27671960414026986
0.10490044955044961
0.010653440350499173
0.015543833943833945
0.00747914862914863
0.23280116403204648
0.08620661805514743
0.009743398268398267
0.607281663434605
0.08112666777666783
0.4711174309522606
0.13717276971394626
0.03318135198135196
0.31268578988091367
0.14209520299961473
0.01550974515680398
0.013194336219336222
0.02080411255411255
0.1537666634792797
0.12543028474793183
0.022256415806415793
0.02512125097125098
0.027403929403929404
0.24535974368768482
0.02353952713952714
0.08480362415362418
0.011580158730158729
0.360446180780004
0.0372496780996781
0.025383261183261185
0.015140909090909092
0.29834702291172877
0.00976668788727612
0.004310064935064934
0.011348740148740148
0.03643252858252859
0.010101098901098903
0.04163061481002656
0.027564865689865676
0.015644641469641472
0.1624953393012217
0.3845758683696761
0.11838708660620427
0.011557570207570209
0.10049715839715848
0.07678593334769804
0.11801616716616718
0.018385553335553338
0.021303033078033076
0.0357617771117771
0.6067880351674466
0.12550716848510973
0.054233577533577514
0.5409407776863658
0.29403291179924274
0.019581224331224327
0.035482328782328786
0.02056219336219336
0.02109121434121434
0.014540706026000143
0.20290171319908154
0.03586368076368076
0.021333055833055833
0.01724693931799195
0.4395527181968357
0.29968666774402075
0.006256349206349206
0.017188697413697416
0.1323440215013745
0.02933645243645243
0.014133877233877238
0.028687251637251637
0.013493637734814205
0.026851005856888214
0.4524017573929341
0.10486195996985472
0.03150203407703407
0.13545174270174276
0.03337830502830503
0.04274709408238821
0.7878574520250989
0.01359646464646465
0.3919914398810683
0.049010441751231225
0.6783533360430423
0.11749384791820859
0.01837116772116772
0.035497172272172264
0.7413960846343198
0.15115288812494698
0.6547710173813116
0.03379966144966144
0.1977971670486376
0.02831138028638028
0.42665233263468577
0.011422508047508047
0.02665977253740411
0.13587839868250082
0.6797529107974937
0.43545531519003694
0.5128061464765021
0.01603320568320568
0.20797387109794244
0.45262043022337134
0.7490182360123537
0.0512092463092463
0.030572550651962415
0.005688095238095239
0.012452966477966478
0.07752893458488087
0.14715094566596115
0.3450707834820836
0.007986313445009097
0.13563427356956764
0.597571480480304
0.009843506493506491
0.13896650957401735
0.2302073317063727
0.017322737719796543
0.013451320901320903
0.05855191981221391
0.047279300261142354
0.23332747105835355
0.027758053058053053
0.20547593219474025
0.019101892551892555
0.1530638588312273
0.1643503735806677
0.05080704556881026
0.14651014818514824
0.03790001469119117
0.015413730713730714
0.01732477685712979
0.006998088023088024
0.16035729384994085
0.12400307078542376
0.010301154401154403
0.17185367690445097
0.39069908229025874
0.5517883774722007
0.27162856473591773
0.016590692640692642
0.08709325331531216
0.10929121028610203
0.19013160805482798
0.03443856862092156
0.18263622602887322
0.02907872875318695
0.4169607448107442
0.03606693306693306
0.04325230129347775
0.2865939846101611
0.025398146298146285
0.6263221956148428
0.01989204961704961
0.5055315831227594
0.3352476518579459
0.029102023140258435
0.4868892303774656
0.017890096015096012
0.37303546192369724
0.024237179487179485
0.1429305970603185
0.5501415470064854
0.25927670356818966
0.02572980907980908
0.38088123295692955
0.013065867465867466
0.0234018204018204
0.009196732026143791
0.04718526685732568
0.657208903617882
0.11872102799161623
0.1507427673633557
0.03867424242424243
0.054495683891272115
0.028239162471515415
0.7076174139585908
0.01609143342038079
0.0131429583488407
0.0305671171621636
0.14749052336552335
0.01866736669762985
0.021127067377067373
0.012063924963924964
0.005268253968253967
0.007994200244200245
0.012946237096237097
0.01613649128649129
0.41917510577657635
0.03989474969474969
0.0403744330832566
0.10683874122953074
0.005302331002331002
0.34719446501211215
0.010311586452762924
0.15279179399032333
0.7307295014754764
0.03830908535908535
0.4284374447447978
0.020977886148938772
0.16282244585479883
0.10533152599034958
0.04291029150587973
0.3220216900746313
0.022743872793872792
0.16893260628260637
0.0947133591898298
0.01765987345987346
0.5953455739135306
0.09323583071555208
0.2859284170078286
0.3147579964153495
0.00643106893106893
0.28721653771065553
0.006609307359307359
0.18381902325400795
0.539735142798378
0.2898959925695221
0.014343939393939395
0.15848713051654234
0.040552855641090915
0.01087965367965368
0.1813009250037889
0.12308061823797124
0.1477950200126671
0.0422654822301881
0.5190859379182909
0.00928998778998779
0.014292074592074594
0.6865104424986781
0.05155403485403484
0.011659825142178084
0.09841681096681094
0.03855608222187168
0.015167171717171718
0.01821097366685602
0.030303990453990456
0.03732175047175047
0.010227344877344877
0.021954334554334553
0.04239187931951089
0.01636673881673882
0.008193722943722942
0.042806996924643965
0.5092306086070791
0.01867192905134082
0.3422243243684421
0.484327302109655
0.013387767787767789
0.21103601091890584
0.14831296739895813
0.5844619364295837
0.009028638028638028
0.02902169464522406
0.027930587059998818
0.7092424911603709
0.010165945165945166
0.5230503153709035
0.4673035959138903
0.5924749772329496
0.430211866728043
0.09280780428721609
0.3181907897657897
0.07971917415230105
0.025579951335214488
0.0664434467493291
0.15842076159134982
0.006119227994227994
0.02070967365967365
0.08114133905310378
0.021309440559440555
0.047293927314515545
0.025062701187701188
0.022111072261072253
0.3360042299204066
0.009906006858638438
0.02494326164032046
0.02072106227106227
0.005549206349206349
0.07917663610898905
0.4607352016662389
0.4329941589456297
0.02364469696969697
0.13871379731379738
0.37449008114348675
0.3188163717001954
0.39397313732019634
0.14572977577977583
0.009378826728826726
0.0467529966765261
0.010593722943722943
0.020597866022866024
0.015435863482922304
0.43931370602222
0.48101423641717755
0.1936428001822739
0.15556194638694645
0.012466983016983018
0.030634821714233477
0.02614517149517149
0.022760788394611934
0.33785017040922605
0.038177656493832965
0.03817630159695376
0.12504940990382168
0.0323308706343536
0.5820278530293239
0.013618391738979975
0.15653268626798048
0.017064862914862915
0.03687788322788325
0.17668973901915072
0.20109528641293345
0.05290361974626678
0.6247836732926516
0.1485122704436947
0.005304761904761904
0.020232063687946045
0.09171949439449445
0.005615079365079365
0.03843871161518219
0.023902048441754333
0.16876912531912544
0.00998841713841714
0.06597718947718946
0.02071259753318577
0.08248348220407047
0.03599448884448885
0.011442590742590743
0.02353013326542738
0.006049278499278499
0.15481558327293632
0.6396098605500781
0.44266420132155426
0.007428718503718503
0.056591504694136256
0.03588774722010017
0.03334253344694521
0.010660253635253632
0.009814285714285715
0.031225019425019426
0.4251802692405635
0.009478012630644208
0.3640887938428959
0.10992227772227771
0.28873860987653566
0.10730270646106561
0.0324504218004218
0.023735409035409036
0.14283124636801106
0.3273679757548954
0.17082558111822815
0.04984281112764086
0.2895513906114527
0.23835076736988506
0.02492860472860472
0.35662625103654516
0.36955851607972345
0.033624270174270166
0.15115653513153518
0.12525580742786627
0.007800144300144302
0.1302103745927276
0.520090081581645
0.3158249321026412
0.022176787101787106
0.009482600732600733
0.11297952325452325
0.05901783494283494
0.39384008447692653
0.04173780108780109
0.010175613275613277
0.2054767835106071
0.0027841269841269844
0.0044500222000222
0.011011123843476784
0.00940873015873016
0.027075063498592903
0.1912303324126854
0.031616955266955266
0.018808347208347207
0.013953629703629703
0.24379996312596935
0.01219906204906205
0.04260634540897699
0.03329583340635972
0.005253463203463204
0.21860095166271648
0.0046607864357864365
0.13104854426619134
